/* Encounters Minigame CSS. Extracted from the working HTML; order preserved.
   Onyx-specific encounter styles are scoped to .enc-* / #encOnyxDmPanel rules.
   No standalone Onyx CSS file is loaded globally, so it cannot overwrite board/dice HTML styling. */

/* ---- extracted style block 1 from encounters_minigame.html ---- */

/* merged from dice-designs/sets/01-plain-ivory.css */
/*
Dice CSS Design Set: Plain Ivory
One-file full polyhedral set: d4, d6, d8, d10, d12, d20.
Static CSS only. No JavaScript, images, fonts, or external dependencies.
Inspiration is stylistic only; no source images are copied into this CSS.
*/
.dice-set--plain-ivory {
  --die-size: 150px;
  --dice-scale: 1;
  --base: #efe6d2;
  --base2: #d6c8a8;
  --shadow: #fff8e6;
  --ink: #24201a;
  --edge: #8b7a57;
  --glow: #ffffff;
  --shine: var(--glow, #ffffff);
  --face-bg: linear-gradient(145deg, var(--shine), var(--base) 30%, var(--shadow) 100%);
  --set-description: "plain satin ivory with charcoal ink";
  color: var(--ink);
}
.dice-set--plain-ivory .dice-row { display:flex; flex-wrap:wrap; gap:1.1rem; align-items:flex-start; justify-content:center; }
.dice-set--plain-ivory .die-card { width:170px; min-height:205px; display:grid; justify-items:center; align-content:start; gap:.45rem; }
.dice-set--plain-ivory .die-label { font: 800 0.8rem/1.2 system-ui, sans-serif; letter-spacing:.08em; text-transform:uppercase; color:var(--ink); text-shadow:0 1px 3px color-mix(in srgb, var(--shadow) 60%, transparent); }
.dice-set--plain-ivory .die { width:var(--die-size); height:var(--die-size); position:relative; perspective:850px; display:grid; place-items:center; filter: drop-shadow(0 18px 20px rgba(0,0,0,.34)); }
.dice-set--plain-ivory .die-body { position:absolute; left:50%; top:50%; width:0; height:0; transform-style:preserve-3d; animation:plain-ivory-showcase 11s linear infinite; transform: scale(var(--dice-scale)) rotateX(-22deg) rotateY(38deg) rotateZ(8deg); }
.dice-set--plain-ivory .d4 .die-body { animation-duration: 10.5s; }
.dice-set--plain-ivory .d6 .die-body { animation-duration: 12s; }
.dice-set--plain-ivory .d8 .die-body { animation-duration: 11.2s; }
.dice-set--plain-ivory .d10 .die-body { animation-duration: 12.8s; }
.dice-set--plain-ivory .d12 .die-body { animation-duration: 13.5s; }
.dice-set--plain-ivory .d20 .die-body { animation-duration: 14.5s; }
.dice-set--plain-ivory .face { position:absolute; left:0; top:0; display:grid; place-items:center; transform-origin:0 0; transform-style:preserve-3d; overflow:hidden; background:var(--face-bg); border: 1px solid color-mix(in srgb,var(--edge) 70%, transparent); box-shadow: inset 0 0 0 2.5px color-mix(in srgb,var(--edge) 18%, transparent), inset 0 0 18px color-mix(in srgb,white 12%, transparent), inset 0 -10px 18px color-mix(in srgb,black 22%, transparent); backface-visibility:hidden; }
.dice-set--plain-ivory .face::before { content:""; position:absolute; inset:7%; clip-path:inherit; border:1.4px solid color-mix(in srgb,var(--edge) 70%, transparent); box-shadow: inset 0 0 10px color-mix(in srgb,var(--edge) 35%, transparent); opacity:.9; pointer-events:none; }
.dice-set--plain-ivory .face::after { content:""; position:absolute; inset:0; background: radial-gradient(circle at 24% 18%, color-mix(in srgb, white 34%, transparent), transparent 19%), linear-gradient(160deg, transparent 0 48%, color-mix(in srgb, black 22%, transparent)); opacity:.72; mix-blend-mode:screen; pointer-events:none; }
.dice-set--plain-ivory .face span { position:relative; z-index:2; display:grid; place-items:center; min-width:1.8em; min-height:1.8em; padding:.08em; border-radius:999px; font:900 1.22rem/1 Georgia, 'Times New Roman', serif; color:var(--ink); -webkit-text-stroke:.35px color-mix(in srgb,var(--shadow) 48%, transparent); text-shadow: 0 1px 0 color-mix(in srgb, black 45%, transparent), 0 0 8px color-mix(in srgb,var(--glow) 38%, transparent); }
.dice-set--plain-ivory .d4 .face span, .dice-set--plain-ivory .d8 .face span, .dice-set--plain-ivory .d20 .face span { font-size:1.03rem; }
.dice-set--plain-ivory .d10 .face span { font-size:1.08rem; }
.dice-set--plain-ivory .d12 .face span { font-size:1rem; }
.dice-set--plain-ivory .die:hover .die-body, .dice-set--plain-ivory .die:focus-within .die-body { animation-duration:3.5s; }
@keyframes plain-ivory-showcase {
  0% { transform: scale(var(--dice-scale)) rotateX(-18deg) rotateY(28deg) rotateZ(0deg); }
  25% { transform: scale(var(--dice-scale)) rotateX(32deg) rotateY(118deg) rotateZ(22deg); }
  50% { transform: scale(var(--dice-scale)) rotateX(142deg) rotateY(218deg) rotateZ(-18deg); }
  75% { transform: scale(var(--dice-scale)) rotateX(238deg) rotateY(318deg) rotateZ(34deg); }
  100% { transform: scale(var(--dice-scale)) rotateX(342deg) rotateY(388deg) rotateZ(360deg); }
}
@media (prefers-reduced-motion: reduce) { .dice-set--plain-ivory .die-body { animation:none; transform: scale(var(--dice-scale)) rotateX(-24deg) rotateY(35deg) rotateZ(5deg); } }

/* Geometry: generated from polyhedral face planes. */
.dice-set--plain-ivory .d4 .face:nth-child(1) { width:89.48163px; height:77.66753px; clip-path: polygon(0.72641% 0.8369%, 99.27359% 0.8369%, 50% 99.1631%); transform: matrix3d(-0.70711, 0, 0.70711, 0, -0.40825, 0.8165, -0.40825, 0, -0.57735, -0.57735, -0.57735, 0, 31.9019, -31.70764, -31.37117, 1); }
.dice-set--plain-ivory .d4 .face:nth-child(2) { width:89.48163px; height:77.66753px; clip-path: polygon(0.72641% 0.8369%, 99.27359% 0.8369%, 50% 99.1631%); transform: matrix3d(0.70711, 0, 0.70711, 0, 0.40825, -0.8165, -0.40825, 0, 0.57735, 0.57735, -0.57735, 0, -31.9019, 31.70764, -31.37117, 1); }
.dice-set--plain-ivory .d4 .face:nth-child(3) { width:89.48163px; height:77.66753px; clip-path: polygon(0.72641% 0.8369%, 99.27359% 0.8369%, 50% 99.1631%); transform: matrix3d(0, 0.70711, 0.70711, 0, -0.8165, -0.40825, 0.40825, 0, 0.57735, -0.57735, 0.57735, 0, 31.70764, -31.37117, -31.9019, 1); }
.dice-set--plain-ivory .d4 .face:nth-child(4) { width:89.48163px; height:77.66753px; clip-path: polygon(0.72641% 0.8369%, 99.27359% 0.8369%, 50% 99.1631%); transform: matrix3d(0.70711, 0.70711, 0, 0, -0.40825, 0.40825, -0.8165, 0, -0.57735, 0.57735, 0.57735, 0, -31.37117, -31.9019, 31.70764, 1); }
.dice-set--plain-ivory .d6 .face:nth-child(1) { width:68.27263px; height:68.27263px; clip-path: polygon(0.95207% 0.95207%, 99.04793% 0.95207%, 99.04793% 99.04793%, 0.95207% 99.04793%); transform: matrix3d(-1, 0, 0, 0, 0, 1, 0, 0, 0, 0, -1, 0, 34.13632, -34.13632, -33.48632, 1); }
.dice-set--plain-ivory .d6 .face:nth-child(2) { width:68.27263px; height:68.27263px; clip-path: polygon(0.95207% 0.95207%, 99.04793% 0.95207%, 99.04793% 99.04793%, 0.95207% 99.04793%); transform: matrix3d(-1, 0, 0, 0, 0, -1, 0, 0, 0, 0, 1, 0, 34.13632, 34.13632, 33.48632, 1); }
.dice-set--plain-ivory .d6 .face:nth-child(3) { width:68.27263px; height:68.27263px; clip-path: polygon(0.95207% 0.95207%, 99.04793% 0.95207%, 99.04793% 99.04793%, 0.95207% 99.04793%); transform: matrix3d(-1, 0, 0, 0, 0, 0, -1, 0, 0, -1, 0, 0, 34.13632, -33.48632, 34.13632, 1); }
.dice-set--plain-ivory .d6 .face:nth-child(4) { width:68.27263px; height:68.27263px; clip-path: polygon(0.95207% 0.95207%, 99.04793% 0.95207%, 99.04793% 99.04793%, 0.95207% 99.04793%); transform: matrix3d(0, -1, 0, 0, 0, 0, -1, 0, 1, 0, 0, 0, 33.48632, 34.13632, 34.13632, 1); }
.dice-set--plain-ivory .d6 .face:nth-child(5) { width:68.27263px; height:68.27263px; clip-path: polygon(0.95207% 0.95207%, 99.04793% 0.95207%, 99.04793% 99.04793%, 0.95207% 99.04793%); transform: matrix3d(1, 0, 0, 0, 0, 0, -1, 0, 0, 1, 0, 0, -34.13632, 33.48632, 34.13632, 1); }
.dice-set--plain-ivory .d6 .face:nth-child(6) { width:68.27263px; height:68.27263px; clip-path: polygon(0.95207% 0.95207%, 99.04793% 0.95207%, 99.04793% 99.04793%, 0.95207% 99.04793%); transform: matrix3d(0, 1, 0, 0, 0, 0, -1, 0, -1, 0, 0, 0, -33.48632, -34.13632, 34.13632, 1); }
.dice-set--plain-ivory .d8 .face:nth-child(1) { width:83.32439px; height:72.3352px; clip-path: polygon(0.78008% 0.89859%, 99.21992% 0.89859%, 50% 99.10141%); transform: matrix3d(-0.70711, 0.70711, 0, 0, 0.40825, 0.40825, -0.8165, 0, -0.57735, -0.57735, -0.57735, 0, 0.19426, -58.72498, 0.53072, 1); }
.dice-set--plain-ivory .d8 .face:nth-child(2) { width:83.32439px; height:72.3352px; clip-path: polygon(0.78008% 0.89859%, 99.21992% 0.89859%, 50% 99.10141%); transform: matrix3d(0.70711, 0, 0.70711, 0, -0.40825, -0.8165, 0.40825, 0, 0.57735, -0.57735, -0.57735, 0, -0.19426, 0.53072, -58.72498, 1); }
.dice-set--plain-ivory .d8 .face:nth-child(3) { width:83.32439px; height:72.3352px; clip-path: polygon(0.78008% 0.89859%, 99.21992% 0.89859%, 50% 99.10141%); transform: matrix3d(-0.70711, 0, 0.70711, 0, 0.40825, 0.8165, 0.40825, 0, -0.57735, 0.57735, -0.57735, 0, 0.19426, -0.53072, -58.72498, 1); }
.dice-set--plain-ivory .d8 .face:nth-child(4) { width:83.32439px; height:72.3352px; clip-path: polygon(0.78008% 0.89859%, 99.21992% 0.89859%, 50% 99.10141%); transform: matrix3d(0.70711, -0.70711, 0, 0, -0.40825, -0.40825, -0.8165, 0, 0.57735, 0.57735, -0.57735, 0, -0.19426, 58.72498, 0.53072, 1); }
.dice-set--plain-ivory .d8 .face:nth-child(5) { width:83.32439px; height:72.3352px; clip-path: polygon(0.78008% 0.89859%, 99.21992% 0.89859%, 50% 99.10141%); transform: matrix3d(-0.70711, 0, -0.70711, 0, 0.40825, -0.8165, -0.40825, 0, -0.57735, -0.57735, 0.57735, 0, 0.19426, 0.53072, 58.72498, 1); }
.dice-set--plain-ivory .d8 .face:nth-child(6) { width:83.32439px; height:72.3352px; clip-path: polygon(0.78008% 0.89859%, 99.21992% 0.89859%, 50% 99.10141%); transform: matrix3d(0.70711, 0.70711, 0, 0, -0.40825, 0.40825, 0.8165, 0, 0.57735, -0.57735, 0.57735, 0, -0.19426, -58.72498, -0.53072, 1); }
.dice-set--plain-ivory .d8 .face:nth-child(7) { width:83.32439px; height:72.3352px; clip-path: polygon(0.78008% 0.89859%, 99.21992% 0.89859%, 50% 99.10141%); transform: matrix3d(-0.70711, -0.70711, 0, 0, 0.40825, -0.40825, 0.8165, 0, -0.57735, 0.57735, 0.57735, 0, 0.19426, 58.72498, -0.53072, 1); }
.dice-set--plain-ivory .d8 .face:nth-child(8) { width:83.32439px; height:72.3352px; clip-path: polygon(0.78008% 0.89859%, 99.21992% 0.89859%, 50% 99.10141%); transform: matrix3d(0.70711, 0, -0.70711, 0, -0.40825, 0.8165, -0.40825, 0, 0.57735, 0.57735, 0.57735, 0, -0.19426, -0.53072, 58.72498, 1); }
/* d10 geometry patch: closed pentagonal trapezohedron, 10 matching kite faces. */
.dice-set--plain-ivory .d10 .face:nth-child(1) { width:52.74035px; height:62.00000px; clip-path: polygon(38.1966% 0.0000%, 85.4102% 0.0000%, 100.0000% 38.1966%, 0.0000% 100.0000%); transform: matrix3d(-0.80902, -0.52573, -0.26287, 0, -0.58779, 0.72361, 0.3618, 0, 0, 0.44721, -0.89443, 0, 36.44269, 17.13638, -22.43181, 1); }
.dice-set--plain-ivory .d10 .face:nth-child(2) { width:52.74035px; height:62.00000px; clip-path: polygon(38.1966% 0.0000%, 85.4102% 0.0000%, 100.0000% 38.1966%, 0.0000% 100.0000%); transform: matrix3d(0, -0.52573, -0.85065, 0, -0.52573, 0.72361, -0.44721, 0, 0.85065, 0.44721, -0.27639, 0, 32.59533, 17.13638, 27.72724, 1); }
.dice-set--plain-ivory .d10 .face:nth-child(3) { width:52.74035px; height:62.00000px; clip-path: polygon(38.1966% 0.0000%, 85.4102% 0.0000%, 100.0000% 38.1966%, 0.0000% 100.0000%); transform: matrix3d(0.80902, -0.52573, -0.26287, 0, 0.26287, 0.72361, -0.6382, 0, 0.52573, 0.44721, 0.72361, 0, -16.29766, 17.13638, 39.56819, 1); }
.dice-set--plain-ivory .d10 .face:nth-child(4) { width:52.74035px; height:62.00000px; clip-path: polygon(38.1966% 0.0000%, 85.4102% 0.0000%, 100.0000% 38.1966%, 0.0000% 100.0000%); transform: matrix3d(0.5, -0.52573, 0.68819, 0, 0.68819, 0.72361, 0.05279, 0, -0.52573, 0.44721, 0.72361, 0, -42.66784, 17.13638, -3.27276, 1); }
.dice-set--plain-ivory .d10 .face:nth-child(5) { width:52.74035px; height:62.00000px; clip-path: polygon(38.1966% 0.0000%, 85.4102% 0.0000%, 100.0000% 38.1966%, 0.0000% 100.0000%); transform: matrix3d(-0.5, -0.52573, 0.68819, 0, 0.16246, 0.72361, 0.67082, 0, -0.85065, 0.44721, -0.27639, 0, -10.07251, 17.13638, -41.59086, 1); }
.dice-set--plain-ivory .d10 .face:nth-child(6) { width:72.88537px; height:38.31811px; clip-path: polygon(0.0000% 0.0000%, 89.4427% 0.0000%, 100.0000% 61.8034%, 72.3607% 100.0000%); transform: matrix3d(0, 0.85065, -0.52573, 0, 0.85065, 0.27639, 0.44721, 0, 0.52573, -0.44721, -0.72361, 0, 0, -62, 0, 1); }
.dice-set--plain-ivory .d10 .face:nth-child(7) { width:72.88537px; height:38.31811px; clip-path: polygon(0.0000% 0.0000%, 89.4427% 0.0000%, 100.0000% 61.8034%, 72.3607% 100.0000%); transform: matrix3d(0.5, 0.85065, -0.16246, 0, -0.16246, 0.27639, 0.94721, 0, 0.85065, -0.44721, 0.27639, 0, 0, -62, 0, 1); }
.dice-set--plain-ivory .d10 .face:nth-child(8) { width:72.88537px; height:38.31811px; clip-path: polygon(0.0000% 0.0000%, 89.4427% 0.0000%, 100.0000% 61.8034%, 72.3607% 100.0000%); transform: matrix3d(0.30902, 0.85065, 0.42533, 0, -0.95106, 0.27639, 0.1382, 0, 0, -0.44721, 0.89443, 0, 0, -62, 0, 1); }
.dice-set--plain-ivory .d10 .face:nth-child(9) { width:72.88537px; height:38.31811px; clip-path: polygon(0.0000% 0.0000%, 89.4427% 0.0000%, 100.0000% 61.8034%, 72.3607% 100.0000%); transform: matrix3d(-0.30902, 0.85065, 0.42533, 0, -0.42533, 0.27639, -0.8618, 0, -0.85065, -0.44721, 0.27639, 0, 0, -62, 0, 1); }
.dice-set--plain-ivory .d10 .face:nth-child(10) { width:72.88537px; height:38.31811px; clip-path: polygon(0.0000% 0.0000%, 89.4427% 0.0000%, 100.0000% 61.8034%, 72.3607% 100.0000%); transform: matrix3d(-0.5, 0.85065, -0.16246, 0, 0.68819, 0.27639, -0.67082, 0, -0.52573, -0.44721, -0.72361, 0, 0, -62, 0, 1); }
.dice-set--plain-ivory .d12 .face:nth-child(1) { width:68.27263px; height:64.99476px; clip-path: polygon(19.68671% 1.00008%, 80.31329% 1.00008%, 99.04793% 61.56731%, 50% 98.99992%, 0.95207% 61.56731%); transform: matrix3d(0, -1, 0, 0, -0.85065, 0, 0.52573, 0, -0.52573, 0, -0.85065, 0, 0.55292, 34.13632, -54.52372, 1); }
.dice-set--plain-ivory .d12 .face:nth-child(2) { width:68.27263px; height:64.99476px; clip-path: polygon(19.68671% 1.00008%, 80.31329% 1.00008%, 99.04793% 61.56731%, 50% 98.99992%, 0.95207% 61.56731%); transform: matrix3d(0.5, -0.80902, 0.30902, 0, -0.68819, -0.58779, -0.42533, 0, 0.52573, 0, -0.85065, 0, 27.21332, 44.74208, -37.36324, 1); }
.dice-set--plain-ivory .d12 .face:nth-child(3) { width:68.27263px; height:64.99476px; clip-path: polygon(19.68671% 1.00008%, 80.31329% 1.00008%, 99.04793% 61.56731%, 50% 98.99992%, 0.95207% 61.56731%); transform: matrix3d(-1, 0, 0, 0, 0, 0.52573, -0.85065, 0, 0, -0.85065, -0.52573, 0, 34.13632, -54.52372, 0.55292, 1); }
.dice-set--plain-ivory .d12 .face:nth-child(4) { width:68.27263px; height:64.99476px; clip-path: polygon(19.68671% 1.00008%, 80.31329% 1.00008%, 99.04793% 61.56731%, 50% 98.99992%, 0.95207% 61.56731%); transform: matrix3d(-0.80902, -0.30902, -0.5, 0, -0.58779, 0.42533, 0.68819, 0, 0, 0.85065, -0.52573, 0, 44.74208, 37.36324, -27.21332, 1); }
.dice-set--plain-ivory .d12 .face:nth-child(5) { width:68.27263px; height:64.99476px; clip-path: polygon(19.68671% 1.00008%, 80.31329% 1.00008%, 99.04793% 61.56731%, 50% 98.99992%, 0.95207% 61.56731%); transform: matrix3d(0, 0, -1, 0, 0.52573, -0.85065, 0, 0, -0.85065, -0.52573, 0, 0, -54.52372, 0.55292, 34.13632, 1); }
.dice-set--plain-ivory .d12 .face:nth-child(6) { width:68.27263px; height:64.99476px; clip-path: polygon(19.68671% 1.00008%, 80.31329% 1.00008%, 99.04793% 61.56731%, 50% 98.99992%, 0.95207% 61.56731%); transform: matrix3d(-0.30902, -0.5, -0.80902, 0, 0.42533, 0.68819, -0.58779, 0, 0.85065, -0.52573, 0, 0, 37.36324, -27.21332, 44.74208, 1); }
.dice-set--plain-ivory .d12 .face:nth-child(7) { width:68.27263px; height:64.99476px; clip-path: polygon(19.68671% 1.00008%, 80.31329% 1.00008%, 99.04793% 61.56731%, 50% 98.99992%, 0.95207% 61.56731%); transform: matrix3d(0.30902, 0.5, -0.80902, 0, -0.42533, -0.68819, -0.58779, 0, -0.85065, 0.52573, 0, 0, -37.36324, 27.21332, 44.74208, 1); }
.dice-set--plain-ivory .d12 .face:nth-child(8) { width:68.27263px; height:64.99476px; clip-path: polygon(19.68671% 1.00008%, 80.31329% 1.00008%, 99.04793% 61.56731%, 50% 98.99992%, 0.95207% 61.56731%); transform: matrix3d(0, 0, -1, 0, -0.52573, 0.85065, 0, 0, 0.85065, 0.52573, 0, 0, 54.52372, -0.55292, 34.13632, 1); }
.dice-set--plain-ivory .d12 .face:nth-child(9) { width:68.27263px; height:64.99476px; clip-path: polygon(19.68671% 1.00008%, 80.31329% 1.00008%, 99.04793% 61.56731%, 50% 98.99992%, 0.95207% 61.56731%); transform: matrix3d(-0.80902, 0.30902, 0.5, 0, -0.58779, -0.42533, -0.68819, 0, 0, -0.85065, 0.52573, 0, 44.74208, -37.36324, 27.21332, 1); }
.dice-set--plain-ivory .d12 .face:nth-child(10) { width:68.27263px; height:64.99476px; clip-path: polygon(19.68671% 1.00008%, 80.31329% 1.00008%, 99.04793% 61.56731%, 50% 98.99992%, 0.95207% 61.56731%); transform: matrix3d(-1, 0, 0, 0, 0, -0.52573, 0.85065, 0, 0, 0.85065, 0.52573, 0, 34.13632, 54.52372, -0.55292, 1); }
.dice-set--plain-ivory .d12 .face:nth-child(11) { width:68.27263px; height:64.99476px; clip-path: polygon(19.68671% 1.00008%, 80.31329% 1.00008%, 99.04793% 61.56731%, 50% 98.99992%, 0.95207% 61.56731%); transform: matrix3d(-0.5, -0.80902, -0.30902, 0, 0.68819, -0.58779, 0.42533, 0, -0.52573, 0, 0.85065, 0, -27.21332, 44.74208, 37.36324, 1); }
.dice-set--plain-ivory .d12 .face:nth-child(12) { width:68.27263px; height:64.99476px; clip-path: polygon(19.68671% 1.00008%, 80.31329% 1.00008%, 99.04793% 61.56731%, 50% 98.99992%, 0.95207% 61.56731%); transform: matrix3d(0, -1, 0, 0, 0.85065, 0, -0.52573, 0, 0.52573, 0, 0.85065, 0, -0.55292, 34.13632, 54.52372, 1); }
.dice-set--plain-ivory .d20 .face:nth-child(1) { width:62.28481px; height:54.11439px; clip-path: polygon(1.04359% 1.20116%, 98.95641% 1.20116%, 50% 98.79884%); transform: matrix3d(0, -1, 0, 0, -0.93417, 0, 0.35682, 0, -0.35682, 0, -0.93417, 0, 0.60721, 31.1424, -49.56968, 1); }
.dice-set--plain-ivory .d20 .face:nth-child(2) { width:62.28481px; height:54.11439px; clip-path: polygon(1.04359% 1.20116%, 98.95641% 1.20116%, 50% 98.79884%); transform: matrix3d(-0.80902, -0.5, -0.30902, 0, -0.46709, 0.86603, -0.17841, 0, 0.35682, 0, -0.93417, 0, 50.16721, -0.23792, -30.17558, 1); }
.dice-set--plain-ivory .d20 .face:nth-child(3) { width:62.28481px; height:54.11439px; clip-path: polygon(1.04359% 1.20116%, 98.95641% 1.20116%, 50% 98.79884%); transform: matrix3d(0.80902, -0.5, -0.30902, 0, -0.11026, -0.6455, 0.75576, 0, -0.57735, -0.57735, -0.57735, 0, -49.79194, 0.74457, -30.78279, 1); }
.dice-set--plain-ivory .d20 .face:nth-child(4) { width:62.28481px; height:54.11439px; clip-path: polygon(1.04359% 1.20116%, 98.95641% 1.20116%, 50% 98.79884%); transform: matrix3d(-0.5, 0.30902, -0.80902, 0, 0.6455, 0.75576, -0.11026, 0, 0.57735, -0.57735, -0.57735, 0, 30.39783, -50.02985, 0.59753, 1); }
.dice-set--plain-ivory .d20 .face:nth-child(5) { width:62.28481px; height:54.11439px; clip-path: polygon(1.04359% 1.20116%, 98.95641% 1.20116%, 50% 98.79884%); transform: matrix3d(0.5, -0.30902, -0.80902, 0, -0.6455, -0.75576, -0.11026, 0, -0.57735, 0.57735, -0.57735, 0, -30.39783, 50.02985, 0.59753, 1); }
.dice-set--plain-ivory .d20 .face:nth-child(6) { width:62.28481px; height:54.11439px; clip-path: polygon(1.04359% 1.20116%, 98.95641% 1.20116%, 50% 98.79884%); transform: matrix3d(-0.80902, 0.5, -0.30902, 0, 0.11026, 0.6455, 0.75576, 0, 0.57735, 0.57735, -0.57735, 0, 49.79194, -0.74457, -30.78279, 1); }
.dice-set--plain-ivory .d20 .face:nth-child(7) { width:62.28481px; height:54.11439px; clip-path: polygon(1.04359% 1.20116%, 98.95641% 1.20116%, 50% 98.79884%); transform: matrix3d(0.5, 0.30902, -0.80902, 0, 0.86603, -0.17841, 0.46709, 0, 0, -0.93417, -0.35682, 0, -31.38032, -49.42264, 0.22226, 1); }
.dice-set--plain-ivory .d20 .face:nth-child(8) { width:62.28481px; height:54.11439px; clip-path: polygon(1.04359% 1.20116%, 98.95641% 1.20116%, 50% 98.79884%); transform: matrix3d(-0.5, -0.30902, -0.80902, 0, -0.86603, 0.17841, 0.46709, 0, 0, 0.93417, -0.35682, 0, 31.38032, 49.42264, 0.22226, 1); }
.dice-set--plain-ivory .d20 .face:nth-child(9) { width:62.28481px; height:54.11439px; clip-path: polygon(1.04359% 1.20116%, 98.95641% 1.20116%, 50% 98.79884%); transform: matrix3d(0.30902, -0.80902, 0.5, 0, -0.17841, 0.46709, 0.86603, 0, -0.93417, -0.35682, 0, 0, -49.42264, 0.22226, -31.38032, 1); }
.dice-set--plain-ivory .d20 .face:nth-child(10) { width:62.28481px; height:54.11439px; clip-path: polygon(1.04359% 1.20116%, 98.95641% 1.20116%, 50% 98.79884%); transform: matrix3d(-0.30902, -0.80902, -0.5, 0, 0.17841, 0.46709, -0.86603, 0, 0.93417, -0.35682, 0, 0, 49.42264, 0.22226, 31.38032, 1); }
.dice-set--plain-ivory .d20 .face:nth-child(11) { width:62.28481px; height:54.11439px; clip-path: polygon(1.04359% 1.20116%, 98.95641% 1.20116%, 50% 98.79884%); transform: matrix3d(0.30902, 0.80902, -0.5, 0, -0.17841, -0.46709, -0.86603, 0, -0.93417, 0.35682, 0, 0, -49.42264, -0.22226, 31.38032, 1); }
.dice-set--plain-ivory .d20 .face:nth-child(12) { width:62.28481px; height:54.11439px; clip-path: polygon(1.04359% 1.20116%, 98.95641% 1.20116%, 50% 98.79884%); transform: matrix3d(-0.30902, 0.80902, 0.5, 0, 0.17841, -0.46709, 0.86603, 0, 0.93417, 0.35682, 0, 0, 49.42264, -0.22226, -31.38032, 1); }
.dice-set--plain-ivory .d20 .face:nth-child(13) { width:62.28481px; height:54.11439px; clip-path: polygon(1.04359% 1.20116%, 98.95641% 1.20116%, 50% 98.79884%); transform: matrix3d(-0.5, 0.30902, 0.80902, 0, -0.86603, -0.17841, -0.46709, 0, 0, -0.93417, 0.35682, 0, 31.38032, -49.42264, -0.22226, 1); }
.dice-set--plain-ivory .d20 .face:nth-child(14) { width:62.28481px; height:54.11439px; clip-path: polygon(1.04359% 1.20116%, 98.95641% 1.20116%, 50% 98.79884%); transform: matrix3d(0.5, -0.30902, 0.80902, 0, 0.86603, 0.17841, -0.46709, 0, 0, 0.93417, 0.35682, 0, -31.38032, 49.42264, -0.22226, 1); }
.dice-set--plain-ivory .d20 .face:nth-child(15) { width:62.28481px; height:54.11439px; clip-path: polygon(1.04359% 1.20116%, 98.95641% 1.20116%, 50% 98.79884%); transform: matrix3d(0.5, 0.30902, 0.80902, 0, -0.6455, 0.75576, 0.11026, 0, -0.57735, -0.57735, 0.57735, 0, -30.39783, -50.02985, -0.59753, 1); }
.dice-set--plain-ivory .d20 .face:nth-child(16) { width:62.28481px; height:54.11439px; clip-path: polygon(1.04359% 1.20116%, 98.95641% 1.20116%, 50% 98.79884%); transform: matrix3d(-0.80902, -0.5, 0.30902, 0, 0.11026, -0.6455, -0.75576, 0, 0.57735, -0.57735, 0.57735, 0, 49.79194, 0.74457, 30.78279, 1); }
.dice-set--plain-ivory .d20 .face:nth-child(17) { width:62.28481px; height:54.11439px; clip-path: polygon(1.04359% 1.20116%, 98.95641% 1.20116%, 50% 98.79884%); transform: matrix3d(0.80902, 0.5, 0.30902, 0, -0.11026, 0.6455, -0.75576, 0, -0.57735, 0.57735, 0.57735, 0, -49.79194, -0.74457, 30.78279, 1); }
.dice-set--plain-ivory .d20 .face:nth-child(18) { width:62.28481px; height:54.11439px; clip-path: polygon(1.04359% 1.20116%, 98.95641% 1.20116%, 50% 98.79884%); transform: matrix3d(-0.5, -0.30902, 0.80902, 0, 0.6455, -0.75576, 0.11026, 0, 0.57735, 0.57735, 0.57735, 0, 30.39783, 50.02985, -0.59753, 1); }
.dice-set--plain-ivory .d20 .face:nth-child(19) { width:62.28481px; height:54.11439px; clip-path: polygon(1.04359% 1.20116%, 98.95641% 1.20116%, 50% 98.79884%); transform: matrix3d(0.80902, -0.5, 0.30902, 0, 0.46709, 0.86603, 0.17841, 0, -0.35682, 0, 0.93417, 0, -50.16721, -0.23792, 30.17558, 1); }
.dice-set--plain-ivory .d20 .face:nth-child(20) { width:62.28481px; height:54.11439px; clip-path: polygon(1.04359% 1.20116%, 98.95641% 1.20116%, 50% 98.79884%); transform: matrix3d(0, -1, 0, 0, 0.93417, 0, -0.35682, 0, 0.35682, 0, 0.93417, 0, -0.60721, 31.1424, 49.56968, 1); }



/* ---- extracted style block 2 from encounters_minigame.html ---- */

/* merged from dice-designs/sets/02-plain-onyx.css */
/*
Dice CSS Design Set: Plain Onyx
One-file full polyhedral set: d4, d6, d8, d10, d12, d20.
Static CSS only. No JavaScript, images, fonts, or external dependencies.
Inspiration is stylistic only; no source images are copied into this CSS.
*/
.dice-set--plain-onyx {
  --die-size: 150px;
  --dice-scale: 1;
  --base: #08090c;
  --base2: #1b1e26;
  --shadow: #000000;
  --ink: #f6f3e8;
  --edge: #44495a;
  --glow: #b7c2ff;
  --shine: var(--glow, #ffffff);
  --face-bg: linear-gradient(145deg, var(--shine), var(--base) 30%, var(--shadow) 100%);
  --set-description: "plain black onyx with white ink";
  color: var(--ink);
}
.dice-set--plain-onyx .dice-row { display:flex; flex-wrap:wrap; gap:1.1rem; align-items:flex-start; justify-content:center; }
.dice-set--plain-onyx .die-card { width:170px; min-height:205px; display:grid; justify-items:center; align-content:start; gap:.45rem; }
.dice-set--plain-onyx .die-label { font: 800 0.8rem/1.2 system-ui, sans-serif; letter-spacing:.08em; text-transform:uppercase; color:var(--ink); text-shadow:0 1px 3px color-mix(in srgb, var(--shadow) 60%, transparent); }
.dice-set--plain-onyx .die { width:var(--die-size); height:var(--die-size); position:relative; perspective:850px; display:grid; place-items:center; filter: drop-shadow(0 18px 20px rgba(0,0,0,.34)); }
.dice-set--plain-onyx .die-body { position:absolute; left:50%; top:50%; width:0; height:0; transform-style:preserve-3d; animation:plain-onyx-showcase 11s linear infinite; transform: scale(var(--dice-scale)) rotateX(-22deg) rotateY(38deg) rotateZ(8deg); }
.dice-set--plain-onyx .d4 .die-body { animation-duration: 10.5s; }
.dice-set--plain-onyx .d6 .die-body { animation-duration: 12s; }
.dice-set--plain-onyx .d8 .die-body { animation-duration: 11.2s; }
.dice-set--plain-onyx .d10 .die-body { animation-duration: 12.8s; }
.dice-set--plain-onyx .d12 .die-body { animation-duration: 13.5s; }
.dice-set--plain-onyx .d20 .die-body { animation-duration: 14.5s; }
.dice-set--plain-onyx .face { position:absolute; left:0; top:0; display:grid; place-items:center; transform-origin:0 0; transform-style:preserve-3d; overflow:hidden; background:var(--face-bg); border: 1px solid color-mix(in srgb,var(--edge) 70%, transparent); box-shadow: inset 0 0 0 2.5px color-mix(in srgb,var(--edge) 18%, transparent), inset 0 0 18px color-mix(in srgb,white 12%, transparent), inset 0 -10px 18px color-mix(in srgb,black 22%, transparent); backface-visibility:hidden; }
.dice-set--plain-onyx .face::before { content:""; position:absolute; inset:7%; clip-path:inherit; border:1.4px solid color-mix(in srgb,var(--edge) 70%, transparent); box-shadow: inset 0 0 10px color-mix(in srgb,var(--edge) 35%, transparent); opacity:.9; pointer-events:none; }
.dice-set--plain-onyx .face::after { content:""; position:absolute; inset:0; background: radial-gradient(circle at 24% 18%, color-mix(in srgb, white 34%, transparent), transparent 19%), linear-gradient(160deg, transparent 0 48%, color-mix(in srgb, black 22%, transparent)); opacity:.72; mix-blend-mode:screen; pointer-events:none; }
.dice-set--plain-onyx .face span { position:relative; z-index:2; display:grid; place-items:center; min-width:1.8em; min-height:1.8em; padding:.08em; border-radius:999px; font:900 1.22rem/1 Georgia, 'Times New Roman', serif; color:var(--ink); -webkit-text-stroke:.35px color-mix(in srgb,var(--shadow) 48%, transparent); text-shadow: 0 1px 0 color-mix(in srgb, black 45%, transparent), 0 0 8px color-mix(in srgb,var(--glow) 38%, transparent); }
.dice-set--plain-onyx .d4 .face span, .dice-set--plain-onyx .d8 .face span, .dice-set--plain-onyx .d20 .face span { font-size:1.03rem; }
.dice-set--plain-onyx .d10 .face span { font-size:1.08rem; }
.dice-set--plain-onyx .d12 .face span { font-size:1rem; }
.dice-set--plain-onyx .die:hover .die-body, .dice-set--plain-onyx .die:focus-within .die-body { animation-duration:3.5s; }
@keyframes plain-onyx-showcase {
  0% { transform: scale(var(--dice-scale)) rotateX(-18deg) rotateY(28deg) rotateZ(0deg); }
  25% { transform: scale(var(--dice-scale)) rotateX(32deg) rotateY(118deg) rotateZ(22deg); }
  50% { transform: scale(var(--dice-scale)) rotateX(142deg) rotateY(218deg) rotateZ(-18deg); }
  75% { transform: scale(var(--dice-scale)) rotateX(238deg) rotateY(318deg) rotateZ(34deg); }
  100% { transform: scale(var(--dice-scale)) rotateX(342deg) rotateY(388deg) rotateZ(360deg); }
}
@media (prefers-reduced-motion: reduce) { .dice-set--plain-onyx .die-body { animation:none; transform: scale(var(--dice-scale)) rotateX(-24deg) rotateY(35deg) rotateZ(5deg); } }

/* Geometry: generated from polyhedral face planes. */
.dice-set--plain-onyx .d4 .face:nth-child(1) { width:89.48163px; height:77.66753px; clip-path: polygon(0.72641% 0.8369%, 99.27359% 0.8369%, 50% 99.1631%); transform: matrix3d(-0.70711, 0, 0.70711, 0, -0.40825, 0.8165, -0.40825, 0, -0.57735, -0.57735, -0.57735, 0, 31.9019, -31.70764, -31.37117, 1); }
.dice-set--plain-onyx .d4 .face:nth-child(2) { width:89.48163px; height:77.66753px; clip-path: polygon(0.72641% 0.8369%, 99.27359% 0.8369%, 50% 99.1631%); transform: matrix3d(0.70711, 0, 0.70711, 0, 0.40825, -0.8165, -0.40825, 0, 0.57735, 0.57735, -0.57735, 0, -31.9019, 31.70764, -31.37117, 1); }
.dice-set--plain-onyx .d4 .face:nth-child(3) { width:89.48163px; height:77.66753px; clip-path: polygon(0.72641% 0.8369%, 99.27359% 0.8369%, 50% 99.1631%); transform: matrix3d(0, 0.70711, 0.70711, 0, -0.8165, -0.40825, 0.40825, 0, 0.57735, -0.57735, 0.57735, 0, 31.70764, -31.37117, -31.9019, 1); }
.dice-set--plain-onyx .d4 .face:nth-child(4) { width:89.48163px; height:77.66753px; clip-path: polygon(0.72641% 0.8369%, 99.27359% 0.8369%, 50% 99.1631%); transform: matrix3d(0.70711, 0.70711, 0, 0, -0.40825, 0.40825, -0.8165, 0, -0.57735, 0.57735, 0.57735, 0, -31.37117, -31.9019, 31.70764, 1); }
.dice-set--plain-onyx .d6 .face:nth-child(1) { width:68.27263px; height:68.27263px; clip-path: polygon(0.95207% 0.95207%, 99.04793% 0.95207%, 99.04793% 99.04793%, 0.95207% 99.04793%); transform: matrix3d(-1, 0, 0, 0, 0, 1, 0, 0, 0, 0, -1, 0, 34.13632, -34.13632, -33.48632, 1); }
.dice-set--plain-onyx .d6 .face:nth-child(2) { width:68.27263px; height:68.27263px; clip-path: polygon(0.95207% 0.95207%, 99.04793% 0.95207%, 99.04793% 99.04793%, 0.95207% 99.04793%); transform: matrix3d(-1, 0, 0, 0, 0, -1, 0, 0, 0, 0, 1, 0, 34.13632, 34.13632, 33.48632, 1); }
.dice-set--plain-onyx .d6 .face:nth-child(3) { width:68.27263px; height:68.27263px; clip-path: polygon(0.95207% 0.95207%, 99.04793% 0.95207%, 99.04793% 99.04793%, 0.95207% 99.04793%); transform: matrix3d(-1, 0, 0, 0, 0, 0, -1, 0, 0, -1, 0, 0, 34.13632, -33.48632, 34.13632, 1); }
.dice-set--plain-onyx .d6 .face:nth-child(4) { width:68.27263px; height:68.27263px; clip-path: polygon(0.95207% 0.95207%, 99.04793% 0.95207%, 99.04793% 99.04793%, 0.95207% 99.04793%); transform: matrix3d(0, -1, 0, 0, 0, 0, -1, 0, 1, 0, 0, 0, 33.48632, 34.13632, 34.13632, 1); }
.dice-set--plain-onyx .d6 .face:nth-child(5) { width:68.27263px; height:68.27263px; clip-path: polygon(0.95207% 0.95207%, 99.04793% 0.95207%, 99.04793% 99.04793%, 0.95207% 99.04793%); transform: matrix3d(1, 0, 0, 0, 0, 0, -1, 0, 0, 1, 0, 0, -34.13632, 33.48632, 34.13632, 1); }
.dice-set--plain-onyx .d6 .face:nth-child(6) { width:68.27263px; height:68.27263px; clip-path: polygon(0.95207% 0.95207%, 99.04793% 0.95207%, 99.04793% 99.04793%, 0.95207% 99.04793%); transform: matrix3d(0, 1, 0, 0, 0, 0, -1, 0, -1, 0, 0, 0, -33.48632, -34.13632, 34.13632, 1); }
.dice-set--plain-onyx .d8 .face:nth-child(1) { width:83.32439px; height:72.3352px; clip-path: polygon(0.78008% 0.89859%, 99.21992% 0.89859%, 50% 99.10141%); transform: matrix3d(-0.70711, 0.70711, 0, 0, 0.40825, 0.40825, -0.8165, 0, -0.57735, -0.57735, -0.57735, 0, 0.19426, -58.72498, 0.53072, 1); }
.dice-set--plain-onyx .d8 .face:nth-child(2) { width:83.32439px; height:72.3352px; clip-path: polygon(0.78008% 0.89859%, 99.21992% 0.89859%, 50% 99.10141%); transform: matrix3d(0.70711, 0, 0.70711, 0, -0.40825, -0.8165, 0.40825, 0, 0.57735, -0.57735, -0.57735, 0, -0.19426, 0.53072, -58.72498, 1); }
.dice-set--plain-onyx .d8 .face:nth-child(3) { width:83.32439px; height:72.3352px; clip-path: polygon(0.78008% 0.89859%, 99.21992% 0.89859%, 50% 99.10141%); transform: matrix3d(-0.70711, 0, 0.70711, 0, 0.40825, 0.8165, 0.40825, 0, -0.57735, 0.57735, -0.57735, 0, 0.19426, -0.53072, -58.72498, 1); }
.dice-set--plain-onyx .d8 .face:nth-child(4) { width:83.32439px; height:72.3352px; clip-path: polygon(0.78008% 0.89859%, 99.21992% 0.89859%, 50% 99.10141%); transform: matrix3d(0.70711, -0.70711, 0, 0, -0.40825, -0.40825, -0.8165, 0, 0.57735, 0.57735, -0.57735, 0, -0.19426, 58.72498, 0.53072, 1); }
.dice-set--plain-onyx .d8 .face:nth-child(5) { width:83.32439px; height:72.3352px; clip-path: polygon(0.78008% 0.89859%, 99.21992% 0.89859%, 50% 99.10141%); transform: matrix3d(-0.70711, 0, -0.70711, 0, 0.40825, -0.8165, -0.40825, 0, -0.57735, -0.57735, 0.57735, 0, 0.19426, 0.53072, 58.72498, 1); }
.dice-set--plain-onyx .d8 .face:nth-child(6) { width:83.32439px; height:72.3352px; clip-path: polygon(0.78008% 0.89859%, 99.21992% 0.89859%, 50% 99.10141%); transform: matrix3d(0.70711, 0.70711, 0, 0, -0.40825, 0.40825, 0.8165, 0, 0.57735, -0.57735, 0.57735, 0, -0.19426, -58.72498, -0.53072, 1); }
.dice-set--plain-onyx .d8 .face:nth-child(7) { width:83.32439px; height:72.3352px; clip-path: polygon(0.78008% 0.89859%, 99.21992% 0.89859%, 50% 99.10141%); transform: matrix3d(-0.70711, -0.70711, 0, 0, 0.40825, -0.40825, 0.8165, 0, -0.57735, 0.57735, 0.57735, 0, 0.19426, 58.72498, -0.53072, 1); }
.dice-set--plain-onyx .d8 .face:nth-child(8) { width:83.32439px; height:72.3352px; clip-path: polygon(0.78008% 0.89859%, 99.21992% 0.89859%, 50% 99.10141%); transform: matrix3d(0.70711, 0, -0.70711, 0, -0.40825, 0.8165, -0.40825, 0, 0.57735, 0.57735, 0.57735, 0, -0.19426, -0.53072, 58.72498, 1); }
/* d10 geometry patch: closed pentagonal trapezohedron, 10 matching kite faces. */
.dice-set--plain-onyx .d10 .face:nth-child(1) { width:52.74035px; height:62.00000px; clip-path: polygon(38.1966% 0.0000%, 85.4102% 0.0000%, 100.0000% 38.1966%, 0.0000% 100.0000%); transform: matrix3d(-0.80902, -0.52573, -0.26287, 0, -0.58779, 0.72361, 0.3618, 0, 0, 0.44721, -0.89443, 0, 36.44269, 17.13638, -22.43181, 1); }
.dice-set--plain-onyx .d10 .face:nth-child(2) { width:52.74035px; height:62.00000px; clip-path: polygon(38.1966% 0.0000%, 85.4102% 0.0000%, 100.0000% 38.1966%, 0.0000% 100.0000%); transform: matrix3d(0, -0.52573, -0.85065, 0, -0.52573, 0.72361, -0.44721, 0, 0.85065, 0.44721, -0.27639, 0, 32.59533, 17.13638, 27.72724, 1); }
.dice-set--plain-onyx .d10 .face:nth-child(3) { width:52.74035px; height:62.00000px; clip-path: polygon(38.1966% 0.0000%, 85.4102% 0.0000%, 100.0000% 38.1966%, 0.0000% 100.0000%); transform: matrix3d(0.80902, -0.52573, -0.26287, 0, 0.26287, 0.72361, -0.6382, 0, 0.52573, 0.44721, 0.72361, 0, -16.29766, 17.13638, 39.56819, 1); }
.dice-set--plain-onyx .d10 .face:nth-child(4) { width:52.74035px; height:62.00000px; clip-path: polygon(38.1966% 0.0000%, 85.4102% 0.0000%, 100.0000% 38.1966%, 0.0000% 100.0000%); transform: matrix3d(0.5, -0.52573, 0.68819, 0, 0.68819, 0.72361, 0.05279, 0, -0.52573, 0.44721, 0.72361, 0, -42.66784, 17.13638, -3.27276, 1); }
.dice-set--plain-onyx .d10 .face:nth-child(5) { width:52.74035px; height:62.00000px; clip-path: polygon(38.1966% 0.0000%, 85.4102% 0.0000%, 100.0000% 38.1966%, 0.0000% 100.0000%); transform: matrix3d(-0.5, -0.52573, 0.68819, 0, 0.16246, 0.72361, 0.67082, 0, -0.85065, 0.44721, -0.27639, 0, -10.07251, 17.13638, -41.59086, 1); }
.dice-set--plain-onyx .d10 .face:nth-child(6) { width:72.88537px; height:38.31811px; clip-path: polygon(0.0000% 0.0000%, 89.4427% 0.0000%, 100.0000% 61.8034%, 72.3607% 100.0000%); transform: matrix3d(0, 0.85065, -0.52573, 0, 0.85065, 0.27639, 0.44721, 0, 0.52573, -0.44721, -0.72361, 0, 0, -62, 0, 1); }
.dice-set--plain-onyx .d10 .face:nth-child(7) { width:72.88537px; height:38.31811px; clip-path: polygon(0.0000% 0.0000%, 89.4427% 0.0000%, 100.0000% 61.8034%, 72.3607% 100.0000%); transform: matrix3d(0.5, 0.85065, -0.16246, 0, -0.16246, 0.27639, 0.94721, 0, 0.85065, -0.44721, 0.27639, 0, 0, -62, 0, 1); }
.dice-set--plain-onyx .d10 .face:nth-child(8) { width:72.88537px; height:38.31811px; clip-path: polygon(0.0000% 0.0000%, 89.4427% 0.0000%, 100.0000% 61.8034%, 72.3607% 100.0000%); transform: matrix3d(0.30902, 0.85065, 0.42533, 0, -0.95106, 0.27639, 0.1382, 0, 0, -0.44721, 0.89443, 0, 0, -62, 0, 1); }
.dice-set--plain-onyx .d10 .face:nth-child(9) { width:72.88537px; height:38.31811px; clip-path: polygon(0.0000% 0.0000%, 89.4427% 0.0000%, 100.0000% 61.8034%, 72.3607% 100.0000%); transform: matrix3d(-0.30902, 0.85065, 0.42533, 0, -0.42533, 0.27639, -0.8618, 0, -0.85065, -0.44721, 0.27639, 0, 0, -62, 0, 1); }
.dice-set--plain-onyx .d10 .face:nth-child(10) { width:72.88537px; height:38.31811px; clip-path: polygon(0.0000% 0.0000%, 89.4427% 0.0000%, 100.0000% 61.8034%, 72.3607% 100.0000%); transform: matrix3d(-0.5, 0.85065, -0.16246, 0, 0.68819, 0.27639, -0.67082, 0, -0.52573, -0.44721, -0.72361, 0, 0, -62, 0, 1); }
.dice-set--plain-onyx .d12 .face:nth-child(1) { width:68.27263px; height:64.99476px; clip-path: polygon(19.68671% 1.00008%, 80.31329% 1.00008%, 99.04793% 61.56731%, 50% 98.99992%, 0.95207% 61.56731%); transform: matrix3d(0, -1, 0, 0, -0.85065, 0, 0.52573, 0, -0.52573, 0, -0.85065, 0, 0.55292, 34.13632, -54.52372, 1); }
.dice-set--plain-onyx .d12 .face:nth-child(2) { width:68.27263px; height:64.99476px; clip-path: polygon(19.68671% 1.00008%, 80.31329% 1.00008%, 99.04793% 61.56731%, 50% 98.99992%, 0.95207% 61.56731%); transform: matrix3d(0.5, -0.80902, 0.30902, 0, -0.68819, -0.58779, -0.42533, 0, 0.52573, 0, -0.85065, 0, 27.21332, 44.74208, -37.36324, 1); }
.dice-set--plain-onyx .d12 .face:nth-child(3) { width:68.27263px; height:64.99476px; clip-path: polygon(19.68671% 1.00008%, 80.31329% 1.00008%, 99.04793% 61.56731%, 50% 98.99992%, 0.95207% 61.56731%); transform: matrix3d(-1, 0, 0, 0, 0, 0.52573, -0.85065, 0, 0, -0.85065, -0.52573, 0, 34.13632, -54.52372, 0.55292, 1); }
.dice-set--plain-onyx .d12 .face:nth-child(4) { width:68.27263px; height:64.99476px; clip-path: polygon(19.68671% 1.00008%, 80.31329% 1.00008%, 99.04793% 61.56731%, 50% 98.99992%, 0.95207% 61.56731%); transform: matrix3d(-0.80902, -0.30902, -0.5, 0, -0.58779, 0.42533, 0.68819, 0, 0, 0.85065, -0.52573, 0, 44.74208, 37.36324, -27.21332, 1); }
.dice-set--plain-onyx .d12 .face:nth-child(5) { width:68.27263px; height:64.99476px; clip-path: polygon(19.68671% 1.00008%, 80.31329% 1.00008%, 99.04793% 61.56731%, 50% 98.99992%, 0.95207% 61.56731%); transform: matrix3d(0, 0, -1, 0, 0.52573, -0.85065, 0, 0, -0.85065, -0.52573, 0, 0, -54.52372, 0.55292, 34.13632, 1); }
.dice-set--plain-onyx .d12 .face:nth-child(6) { width:68.27263px; height:64.99476px; clip-path: polygon(19.68671% 1.00008%, 80.31329% 1.00008%, 99.04793% 61.56731%, 50% 98.99992%, 0.95207% 61.56731%); transform: matrix3d(-0.30902, -0.5, -0.80902, 0, 0.42533, 0.68819, -0.58779, 0, 0.85065, -0.52573, 0, 0, 37.36324, -27.21332, 44.74208, 1); }
.dice-set--plain-onyx .d12 .face:nth-child(7) { width:68.27263px; height:64.99476px; clip-path: polygon(19.68671% 1.00008%, 80.31329% 1.00008%, 99.04793% 61.56731%, 50% 98.99992%, 0.95207% 61.56731%); transform: matrix3d(0.30902, 0.5, -0.80902, 0, -0.42533, -0.68819, -0.58779, 0, -0.85065, 0.52573, 0, 0, -37.36324, 27.21332, 44.74208, 1); }
.dice-set--plain-onyx .d12 .face:nth-child(8) { width:68.27263px; height:64.99476px; clip-path: polygon(19.68671% 1.00008%, 80.31329% 1.00008%, 99.04793% 61.56731%, 50% 98.99992%, 0.95207% 61.56731%); transform: matrix3d(0, 0, -1, 0, -0.52573, 0.85065, 0, 0, 0.85065, 0.52573, 0, 0, 54.52372, -0.55292, 34.13632, 1); }
.dice-set--plain-onyx .d12 .face:nth-child(9) { width:68.27263px; height:64.99476px; clip-path: polygon(19.68671% 1.00008%, 80.31329% 1.00008%, 99.04793% 61.56731%, 50% 98.99992%, 0.95207% 61.56731%); transform: matrix3d(-0.80902, 0.30902, 0.5, 0, -0.58779, -0.42533, -0.68819, 0, 0, -0.85065, 0.52573, 0, 44.74208, -37.36324, 27.21332, 1); }
